1556564547615731712
1556564558487388160
1556564563998388224
1556564552342310912
1556564562589130752
1556564551264800768
1556564558512533506
1556564571443400704
1556564554385002496
1556564566682771458
1556564565852573696
1556564549767143425
1556564571699421185
1556564552636313600
1556564556620607488
1556564561389666305
1556564527763824641
1556551562868424704
1556564541173280768
1556564536706072584
1556564569195024384
1556564541794045952
1556564530171346945
1556564557501382657
1556564561683267584
1556564541051387905
1556564550580944897
1556564550924718080
1556564563377541120
1556564574538711041
1556564560181862407
1556564548248821760
1556564521308790785
1556564535007358977
1556564575792816128
1556564527239507968
1556564547544154112
1556564453956931584
1556564419051925504
1556564521304657922
1556564499783622663
1556564423573229568
1556564524789932032
1556302959667040259
1556564466405462016
1556564515340288003
1556564550647894017
1553100632092991489
1556564424563085312
1556564434285387778
1556218679599276032
1556564476824064003
1556564514912493568
1556564525570220033
1556564527763824641
1556551562868424704
1556564503223013376
1556564505286643712
1556564544096550912
1556564500647665664
1556564571787329541
1556564553260990464
1556564474601013250
1556564515340288003
1556564498751922176
1556564521308790785
1556564550647894017
1556564523611553792
1556564553542115328
1556564564287795200
1556564487939018755
1556564557832888320
1556564491424366592
1556564469282754561
1556551562868424704
1556564503223013376
1556564505286643712
1556564513461116928
1556564547506520065
1556564467051282432
1556302959667040259
1556564521308790785
1556564550647894017
1553100632092991489
1556564564287795200
1556564508688138246
1556564472562597888
1556564504909062147
1556564553298845698
1556564563243458560
1556564476824064003
1556564578494038016
1556407277992775681
1556564584617631746
1556564585150386177
1556564577243910144
1554375449618546689
1556564584181272577
1556564583606759424
1556564583359209473
1556564577986682880
1556564579966242821
1556564580272316417
1556564584642875392
1556564584617631746
1556564583510319107
1556564582445064192
1556564586215706625
1556564589327810560
1556564587780210693
1556564593685790722
1556564587062988800
1556564593027125248
1556564595728416768
1556564594709016577
1556564588958605313
1556564590984577025
1556564595346575361
1556563575677657089
1556564589709611009
1556564591458807808
1556564593027125248
1556564595527282688
1556309442727014400
1556564598525935616
1556564598383431680
1556564598395965442
1556564598978973696
1556564597112438784
1556564598844784642
1556564596470980608
1556564602233708544
1556564598307921920
1556564596474802176
1556564598199058432
1556564221277511680
1556564598597513216
1556564598202957827
1556564602581835777
1556564606147252225
1556564605383720961
1556564601231351808
1556564606222565376
1556564603785531392
1556564606943993857
1556564604569927682
1556564606486724608
1556564615835820032
1556564617278771203
1556564612274954240
1556564613046538241
1556564611909857280
1556564613046538241
1556564614955024384
1556564617794449408
1556564610345492481
1556564615823519744
1556564614338543616
1556564615118655491
1556564609510916096
1471118917909295105
1556564617693843456
1556564614917378049
1556564612115488769
1556564614795907072
1556564619342356480
1556564624107081729
1556564625424105473
1556564619342356480
1556221091185655809
1556564621309493254
1556369120874078208
1556564620449484802
1556564618222473218
1556564624752902145
1556564622563594240
1556564622794100736
1556564623935311872
1556564619015073792
1556564618017128448
1556564630788612098
1556564626678206465
1556564632705318916
1556564633112150020
1556564631321182208
1556564627164626946
1556564632428777473
1556564627257184256
1556564630352314369
1556564627374321664
1556564631417749505
1556564633112150020
1556564626044755969
1556564632742944769
1556564631640248320
1556564630092513280
1556564630826545155
1556564631417921537
1556564629580652544
1556564633858834432
1556564635662295040
1556564633196052480
1556564636547293184
1556564635662295040
1556564634471112704
1556564638061498368
1556564639412064258
1556564638434721792
1556564635612250114
1556564636526211072
1556564639671955458
1556564647481905157
1556564644252237824
1556564644034224129
1556564641341476865
1556564649314816007
1556564647435816960
1556564642251546625
1556564645745664000
1556564645468831744
1556564647808888834
1556564644424290304
1556564642574479360
1556535688786595840
1556564652238475264
1556564647481905157
1556564644503998464
1556564647481905157
