1556561218298679297
1556561178389872640
1556561256730992640
1556302465439604738
1556561160002015235
1556561132688736261
1556561136941760512
1556561192155586561
1556561230072086528
1556561163034443778
1556561250582134785
1556561191023087618
1556536062171922432
1556561158148042752
1556561203878498304
1556561237990834177
1556561186069643264
1556561208727281664
1556561180189147138
1556561100719661056
1556561218298679297
1556561251802632193
1556561189186011136
1556561132688736261
1556547003454066690
1556561257758658562
1556561120680361985
1556561107715866625
1556561146437566464
1556561138652946435
1556556907527249921
1556561244265467904
1556561187705442311
1556561198639988737
1556561123830247424
1556561112518246400
1556560337796841473
1556561142218096642
1556561241971298305
1556561219288502277
1556561237240152066
1556561257133654018
1556561223105273856
1556302465439604738
1556561243493769217
1556561251983134724
1556561207011774466
1556561219007438848
1556561251446280192
1556561208932712452
1556561217757630464
1556561224661344258
1556561237672337409
1556561216708943873
1556561254046699522
1556561204302254083
1556561223663390720
1556561254918942720
1556561201596874754
1556561256575709184
1556561217359032320
1556561238209040385
1556561229266706432
1534725844463403008
1556561229816012802
1556561254210506752
1556561247608311808
1556561247830769665
1556561232680960002
1556302465439604738
1556561240381612034
1556561242361253888
1556561175160422402
1556561234073653248
1556561209859739648
1556561234861981696
1556561232928604162
1556561230432698368
1556561219447767040
1556561252968812544
1556561205967392770
1556561229338279936
1556561219158302720
1556561237190017024
1556561186459713536
1556561250582134785
1556561191023087618
1556561260409344001
1556561237756231680
1556561205774454785
1556337567674556419
1556561203878498304
1556561245091815424
1556561186069643264
1556347869149511687
1556561183230099461
1556561173927043073
1556561268319862784
1556561263366492160
1556561265912414208
1556561269397884929
1556561263571808257
1556561271075794946
1556561268827365382
1555950646465028099
1556561265845485568
1556561269582221312
1556561274187948032
1556557013244870656
1556561277794881537
1556561279183192064
1556545496520577025
1556561273105666048
1556561275685158914
1556561275685158914
1556561281418948609
1556561279933763584
1556561278151192578
1556561275853111296
1556561277698580480
1556561277014929408
1556561284073652227
1556561286099415043
1556561283205537793
1556561288603500545
1556561286380519425
1556561284690329603
1556561285470654469
1556561288007917572
1556265798787690496
1556561291665342465
1556561293313806336
1556561290872508417
1556561294471229440
1556561291006750720
1556561301937217537
1556561300876103680
1556561303443222528
1556561295582838787
1556561303984021507
1556561301480284160
1556561300573999104
1556561302977482753
1556561300876103680
1556561303443222528
1556561304831262722
1556561304348897286
1539582766714875904
1556561304508174338
1556561299760418816
1556561484813324288
1556561490672754688
1556561472633044993
1556561506027945987
1556561481780662273
1556561499115892738
1556561506547879937
1556561505176326144
1556561483655290882
1556561489091502080
1556561491792433152
1556561510465699842
1556561483550453761
1556561498910167040
1556561503033098240
1556561461769412608
1556561495617593344
1556561509270147074
1556561505591721984
1556561459416555521
1556561490366316545
1556561483185659904
1556561486834802688
1556561512189378560
1556561496833830913
1556561491524030464
1556561510012694529
1556561487304335366
1556561455927160833
1556561510863982593
1556561512277352451
1556561475262627840
1556561456556314624
1556561477485662209
1556561399807184896
1556561449283194880
1556561436037488642
1556561437111341056
1556561508884451335
1556561372862976002
1556561418660487168
1556561383793119232
1556346635457789952
1556390641818533888
1556561480887242753
1556561476680388608
1556561372959444993
1556561420933861377
1556561397005393920
1556561465045401607
1556560107106082816
1556561373626339328
1556561419956588544
1556561414495535105
1556561469336084483
1556561437111341056
1556561474721665025
1556561443197157376
1556346635457789952
1556561456224735234
1556561437111341056
1556561438378020867
1556561406438391808
1556561415808471041
1556561426780659712
1556561462268674049
1556561406438391808
1556561480639827969
1556561509244739584
1556561408028016641
1556561508875870209
1556561474771984390
1556561432614944769
1556561489133199361
1556561426327683072
1556561423404236800
1556561495122759680
1556561512034074630
1556561465045401607
1556561441943085056
1556561506074038272
1556561487069532160
1556561480497385473
1556561422263492608
1556561483420549121
1556561480186662912
1556561433206620160
1556561458351185920
1556561463367634944
1556561461840863233
1556561458351185920
1556561415246434304
1556429640541036547
1556561485790384129
1556385868335779843
1556561521458626560
1556561515242979328
1556561512436989952
1556561520951054336
1556561517314805762
1556561518090657794
1556561514953416704
1556561517893816321
1556561520032591872
1556561514957606913
1556479765820821504
1556561515871965187
1556561521957806080
1556561516815679489
1556561514957606913
1556499490353418240
1556561523820019713
1556561529729736704
1556561524109484032
1556561523509788673
1556561524285652992
1556561523388071939
1556561522343788544
1556561531420446720
1556561536617185280
1556561532431237120
1556561530048716801
1556561538852745219
1556223414146301952
1556561536088510465
1556561538852745219
1556561531978108928
1556561530380075009
1556561538852745219
1556561531978108928
1556561545051512832
1556561538945028097
1556561542635732997
1556561539859185664
1556255460155686913
1556561539859185664
1556561540043927553
1556561539859185664
